20
0.00 0.76 0.50 1.13 0.94 1.23 0.84 0.79 0.78 0.91 0.56 0.92 0.85 0.59 1.18 1.04 1.08 1.33 0.56 1.01
0.76 0.00 1.04 0.67 0.93 1.86 0.81 1.27 1.09 1.03 0.94 0.24 1.29 0.74 1.21 0.85 0.49 0.52 1.22 0.51
0.50 1.04 0.00 0.92 1.51 0.79 1.33 1.33 1.26 0.72 0.94 0.87 0.89 0.92 0.93 0.78 0.89 0.95 1.13 0.62
1.13 0.67 0.92 0.00 1.43 1.09 1.39 1.83 1.07 0.81 1.26 0.28 0.39 1.05 0.34 1.43 0.69 0.98 1.17 1.09
0.94 0.93 1.51 1.43 0.00 1.34 0.43 0.67 0.90 1.06 0.94 1.42 1.22 0.99 1.05 0.67 0.70 1.24 0.48 1.44
1.23 1.86 0.79 1.09 1.34 0.00 1.22 0.88 0.92 0.84 1.37 1.57 0.70 1.22 0.81 1.22 1.53 1.48 0.80 1.35
0.84 0.81 1.33 1.39 0.43 1.22 0.00 0.61 0.67 0.98 1.06 1.39 1.27 0.74 1.15 0.78 0.83 1.21 0.82 1.01
0.79 1.27 1.33 1.83 0.67 0.88 0.61 0.00 0.69 1.24 0.74 1.58 1.46 0.80 1.74 1.00 1.62 1.24 0.63 1.12
0.78 1.09 1.26 1.07 0.90 0.92 0.67 0.69 0.00 1.02 0.72 1.07 0.78 0.92 1.11 1.02 1.50 1.35 0.54 1.27
0.91 1.03 0.72 0.81 1.06 0.84 0.98 1.24 1.02 0.00 0.79 0.96 1.07 0.27 0.76 0.65 0.61 1.47 0.77 1.22
0.56 0.94 0.94 1.26 0.94 1.37 1.06 0.74 0.72 0.79 0.00 0.90 1.10 0.46 1.23 0.81 1.07 1.09 0.91 1.00
0.92 0.24 0.87 0.28 1.42 1.57 1.39 1.58 1.07 0.96 0.90 0.00 0.91 0.88 0.94 1.12 0.70 0.53 1.33 0.61
0.85 1.29 0.89 0.39 1.22 0.70 1.27 1.46 0.78 1.07 1.10 0.91 0.00 1.27 0.21 1.64 1.12 1.44 0.80 1.51
0.59 0.74 0.92 1.05 0.99 1.22 0.74 0.80 0.92 0.27 0.46 0.88 1.27 0.00 1.18 0.88 0.81 1.40 0.80 1.05
1.18 1.21 0.93 0.34 1.05 0.81 1.15 1.74 1.11 0.76 1.23 0.94 0.21 1.18 0.00 1.29 0.59 1.33 1.01 1.45
1.04 0.85 0.78 1.43 0.67 1.22 0.78 1.00 1.02 0.65 0.81 1.12 1.64 0.88 1.29 0.00 0.58 0.72 1.04 0.67
1.08 0.49 0.89 0.69 0.70 1.53 0.83 1.62 1.50 0.61 1.07 0.70 1.12 0.81 0.59 0.58 0.00 0.79 1.24 0.85
1.33 0.52 0.95 0.98 1.24 1.48 1.21 1.24 1.35 1.47 1.09 0.53 1.44 1.40 1.33 0.72 0.79 0.00 1.78 0.17
0.56 1.22 1.13 1.17 0.48 0.80 0.82 0.63 0.54 0.77 0.91 1.33 0.80 0.80 1.01 1.04 1.24 1.78 0.00 1.77
1.01 0.51 0.62 1.09 1.44 1.35 1.01 1.12 1.27 1.22 1.00 0.61 1.51 1.05 1.45 0.67 0.85 0.17 1.77 0.00
